  1.000E-003  1.191E-015
  2.000E-003  1.199E-015
  3.000E-003  1.208E-015
  4.000E-003  1.218E-015
  5.000E-003  1.229E-015
  6.000E-003  1.241E-015
  7.000E-003  1.253E-015
  8.000E-003  1.265E-015
  9.000E-003  1.278E-015
  1.000E-002  1.290E-015
  1.100E-002  1.302E-015
  2.100E-002  1.396E-015
  3.100E-002  1.470E-015
  4.100E-002  1.550E-015
  5.100E-002  1.633E-015
  6.100E-002  1.715E-015
  7.100E-002  1.794E-015
  8.100E-002  1.872E-015
  9.100E-002  1.950E-015
  1.010E-001  2.027E-015
  1.110E-001  2.104E-015
  2.110E-001  2.901E-015
  3.110E-001  3.719E-015
  4.110E-001  4.554E-015
  5.110E-001  5.397E-015
  6.110E-001  6.239E-015
  7.110E-001  7.069E-015
  8.110E-001  7.879E-015
  9.110E-001  8.662E-015
  1.011E+000  9.413E-015
  1.111E+000  1.013E-014
  2.111E+000  1.488E-014
  3.111E+000  1.631E-014
  4.111E+000  1.639E-014
  5.111E+000  1.608E-014
  6.111E+000  1.570E-014
  7.111E+000  1.534E-014
  8.111E+000  1.503E-014
  9.111E+000  1.478E-014
  1.011E+001  1.457E-014
  1.111E+001  1.439E-014
  2.111E+001  1.300E-014
  3.111E+001  1.192E-014
  4.111E+001  1.115E-014
  5.111E+001  1.057E-014
