  1.000E-003  9.598E-001  4.021E-002  1.000E+000  2.726E-008  4.562E-035  8.282E-001  1.462E-001  2.555E-002
  2.000E-003  9.595E-001  4.049E-002  1.000E+000  2.774E-008  4.859E-035  8.281E-001  1.462E-001  2.569E-002
  3.000E-003  9.592E-001  4.082E-002  1.000E+000  2.833E-008  5.235E-035  8.279E-001  1.462E-001  2.586E-002
  4.000E-003  9.588E-001  4.119E-002  1.000E+000  2.899E-008  5.694E-035  8.277E-001  1.462E-001  2.605E-002
  5.000E-003  9.584E-001  4.161E-002  1.000E+000  2.974E-008  6.238E-035  8.275E-001  1.462E-001  2.627E-002
  6.000E-003  9.580E-001  4.205E-002  1.000E+000  3.055E-008  6.869E-035  8.273E-001  1.462E-001  2.649E-002
  7.000E-003  9.575E-001  4.251E-002  1.000E+000  3.140E-008  7.586E-035  8.271E-001  1.462E-001  2.672E-002
  8.000E-003  9.570E-001  4.298E-002  1.000E+000  3.229E-008  8.386E-035  8.268E-001  1.462E-001  2.696E-002
  9.000E-003  9.566E-001  4.345E-002  1.000E+000  3.319E-008  9.260E-035  8.266E-001  1.462E-001  2.720E-002
  1.000E-002  9.561E-001  4.390E-002  1.000E+000  3.409E-008  1.019E-034  8.264E-001  1.462E-001  2.743E-002
  1.100E-002  9.557E-001  4.435E-002  1.000E+000  3.497E-008  1.117E-034  8.261E-001  1.462E-001  2.765E-002
  2.100E-002  9.521E-001  4.791E-002  1.000E+000  4.258E-008  2.269E-034  8.243E-001  1.462E-001  2.945E-002
  3.100E-002  9.492E-001  5.075E-002  1.000E+000  4.932E-008  3.850E-034  8.229E-001  1.462E-001  3.087E-002
  4.100E-002  9.462E-001  5.382E-002  1.000E+000  5.729E-008  6.595E-034  8.214E-001  1.462E-001  3.239E-002
  5.100E-002  9.430E-001  5.704E-002  1.000E+000  6.651E-008  1.127E-033  8.198E-001  1.462E-001  3.398E-002
  6.100E-002  9.398E-001  6.022E-002  1.000E+000  7.645E-008  1.859E-033  8.182E-001  1.462E-001  3.554E-002
  7.100E-002  9.367E-001  6.334E-002  1.000E+000  8.706E-008  2.964E-033  8.167E-001  1.463E-001  3.706E-002
  8.100E-002  9.336E-001  6.642E-002  1.000E+000  9.840E-008  4.599E-033  8.152E-001  1.463E-001  3.856E-002
  9.100E-002  9.305E-001  6.949E-002  1.000E+000  1.105E-007  6.984E-033  8.137E-001  1.463E-001  4.005E-002
  1.010E-001  9.274E-001  7.256E-002  1.000E+000  1.237E-007  1.044E-032  8.121E-001  1.463E-001  4.153E-002
  1.110E-001  9.243E-001  7.567E-002  1.000E+000  1.379E-007  1.542E-032  8.106E-001  1.463E-001  4.303E-002
  2.110E-001  8.916E-001  1.084E-001  1.000E+000  3.543E-007  4.512E-031  7.947E-001  1.466E-001  5.872E-002
  3.110E-001  8.567E-001  1.433E-001  1.000E+000  7.523E-007  6.604E-030  7.775E-001  1.469E-001  7.564E-002
  4.110E-001  8.198E-001  1.802E-001  1.000E+000  1.422E-006  6.325E-029  7.588E-001  1.471E-001  9.406E-002
  5.110E-001  7.813E-001  2.187E-001  1.000E+000  2.476E-006  4.489E-028  7.386E-001  1.473E-001  1.141E-001
  6.110E-001  7.418E-001  2.582E-001  1.000E+000  4.059E-006  2.554E-027  7.168E-001  1.473E-001  1.359E-001
  7.110E-001  7.017E-001  2.983E-001  1.000E+000  6.345E-006  1.219E-026  6.935E-001  1.471E-001  1.594E-001
  8.110E-001  6.615E-001  3.385E-001  1.000E+000  9.544E-006  5.053E-026  6.687E-001  1.466E-001  1.847E-001
  9.110E-001  6.217E-001  3.783E-001  1.000E+000  1.391E-005  1.865E-025  6.425E-001  1.459E-001  2.117E-001
  1.011E+000  5.825E-001  4.175E-001  1.000E+000  1.975E-005  6.247E-025  6.149E-001  1.448E-001  2.403E-001
  1.111E+000  5.443E-001  4.557E-001  1.000E+000  2.743E-005  1.925E-024  5.863E-001  1.433E-001  2.704E-001
  2.111E+000  2.525E-001  7.475E-001  9.997E-001  3.358E-004  8.411E-021  2.935E-001  1.089E-001  5.976E-001
  3.111E+000  1.159E-001  8.841E-001  9.981E-001  1.879E-003  2.177E-018  1.163E-001  6.542E-002  8.183E-001
  4.111E+000  5.881E-002  9.412E-001  9.932E-001  6.844E-003  1.314E-016  4.705E-002  3.803E-002  9.149E-001
  5.111E+000  3.330E-002  9.667E-001  9.812E-001  1.881E-002  3.207E-015  2.137E-002  2.341E-002  9.552E-001
  6.111E+000  2.067E-002  9.793E-001  9.577E-001  4.229E-002  4.231E-014  1.091E-002  1.543E-002  9.737E-001
  7.111E+000  1.379E-002  9.862E-001  9.185E-001  8.154E-002  3.569E-013  6.143E-003  1.080E-002  9.831E-001
  8.111E+000  9.733E-003  9.903E-001  8.612E-001  1.388E-001  2.138E-012  3.746E-003  7.930E-003  9.883E-001
  9.111E+000  7.188E-003  9.928E-001  7.872E-001  2.128E-001  9.767E-012  2.435E-003  6.058E-003  9.915E-001
  1.011E+001  5.503E-003  9.945E-001  7.012E-001  2.988E-001  3.584E-011  1.666E-003  4.777E-003  9.936E-001
  1.111E+001  4.336E-003  9.957E-001  6.101E-001  3.899E-001  1.100E-010  1.188E-003  3.865E-003  9.949E-001
  2.111E+001  9.137E-004  9.991E-001  1.027E-001  8.973E-001  6.069E-008  1.274E-004  9.618E-004  9.989E-001
  3.111E+001  3.753E-004  9.996E-001  2.579E-002  9.742E-001  1.350E-006  3.472E-005  4.323E-004  9.995E-001
  4.111E+001  2.042E-004  9.998E-001  9.727E-003  9.903E-001  1.045E-005  1.417E-005  2.498E-004  9.997E-001
  5.111E+001  1.294E-004  9.999E-001  4.670E-003  9.953E-001  4.736E-005  7.209E-006  1.655E-004  9.998E-001
