  1.000E-003  3.981E+001  1.458E+000  3.663E-002
  2.000E-003  3.981E+001  1.468E+000  3.689E-002
  3.000E-003  3.981E+001  1.480E+000  3.719E-002
  4.000E-003  3.981E+001  1.494E+000  3.753E-002
  5.000E-003  3.981E+001  1.509E+000  3.791E-002
  6.000E-003  3.981E+001  1.525E+000  3.831E-002
  7.000E-003  3.981E+001  1.542E+000  3.872E-002
  8.000E-003  3.981E+001  1.559E+000  3.915E-002
  9.000E-003  3.981E+001  1.576E+000  3.958E-002
  1.000E-002  3.981E+001  1.592E+000  3.999E-002
  1.100E-002  3.981E+001  1.608E+000  4.039E-002
  2.100E-002  3.981E+001  1.737E+000  4.363E-002
  3.100E-002  3.981E+001  1.840E+000  4.622E-002
  4.100E-002  3.981E+001  1.951E+000  4.900E-002
  5.100E-002  3.981E+001  2.067E+000  5.193E-002
  6.100E-002  3.981E+001  2.182E+000  5.482E-002
  7.100E-002  3.981E+001  2.295E+000  5.766E-002
  8.100E-002  3.981E+001  2.407E+000  6.045E-002
  9.100E-002  3.981E+001  2.517E+000  6.323E-002
  1.010E-001  3.981E+001  2.629E+000  6.603E-002
  1.110E-001  3.981E+001  2.741E+000  6.885E-002
  2.110E-001  3.981E+001  3.924E+000  9.857E-002
  3.110E-001  3.981E+001  5.187E+000  1.303E-001
  4.110E-001  3.981E+001  6.523E+000  1.639E-001
  5.110E-001  3.981E+001  7.914E+000  1.988E-001
  6.110E-001  3.981E+001  9.344E+000  2.347E-001
  7.110E-001  3.981E+001  1.079E+001  2.711E-001
  8.110E-001  3.981E+001  1.225E+001  3.076E-001
  9.110E-001  3.981E+001  1.369E+001  3.438E-001
  1.011E+000  3.981E+001  1.511E+001  3.795E-001
  1.111E+000  3.981E+001  1.649E+001  4.142E-001
  2.111E+000  3.981E+001  2.705E+001  6.795E-001
  3.111E+000  3.981E+001  3.200E+001  8.039E-001
  4.111E+000  3.981E+001  3.409E+001  8.564E-001
  5.111E+000  3.981E+001  3.506E+001  8.807E-001
  6.111E+000  3.981E+001  3.560E+001  8.943E-001
  7.111E+000  3.981E+001  3.599E+001  9.041E-001
  8.111E+000  3.981E+001  3.635E+001  9.131E-001
  9.111E+000  3.981E+001  3.671E+001  9.221E-001
  1.011E+001  3.981E+001  3.709E+001  9.315E-001
  1.111E+001  3.981E+001  3.746E+001  9.409E-001
  2.111E+001  3.981E+001  3.943E+001  9.904E-001
  3.111E+001  3.981E+001  3.973E+001  9.980E-001
  4.111E+001  3.981E+001  3.979E+001  9.996E-001
  5.111E+001  3.981E+001  3.982E+001  1.000E+000
