  1.000E-003  0.000E+000  8.067E+003  1.329E+009  7.474E-011
  2.000E-003  9.771E-003  8.073E+003  1.371E+009  7.467E-011
  3.000E-003  1.921E-002  8.079E+003  1.420E+009  7.459E-011
  4.000E-003  2.831E-002  8.086E+003  1.476E+009  7.450E-011
  5.000E-003  3.705E-002  8.094E+003  1.537E+009  7.440E-011
  6.000E-003  4.546E-002  8.102E+003  1.601E+009  7.429E-011
  7.000E-003  5.354E-002  8.110E+003  1.668E+009  7.418E-011
  8.000E-003  6.132E-002  8.119E+003  1.735E+009  7.407E-011
  9.000E-003  6.883E-002  8.127E+003  1.802E+009  7.396E-011
  1.000E-002  7.608E-002  8.135E+003  1.867E+009  7.386E-011
  1.100E-002  8.310E-002  8.143E+003  1.930E+009  7.376E-011
  2.100E-002  1.398E-001  8.204E+003  2.419E+009  7.296E-011
  3.100E-002  1.892E-001  8.250E+003  2.793E+009  7.236E-011
  4.100E-002  2.331E-001  8.297E+003  3.181E+009  7.174E-011
  5.100E-002  2.724E-001  8.345E+003  3.575E+009  7.111E-011
  6.100E-002  3.083E-001  8.390E+003  3.951E+009  7.051E-011
  7.100E-002  3.415E-001  8.432E+003  4.308E+009  6.995E-011
  8.100E-002  3.725E-001  8.472E+003  4.650E+009  6.941E-011
  9.100E-002  4.016E-001  8.511E+003  4.981E+009  6.889E-011
  1.010E-001  4.292E-001  8.548E+003  5.304E+009  6.839E-011
  1.110E-001  4.554E-001  8.585E+003  5.623E+009  6.789E-011
  2.110E-001  6.390E-001  8.914E+003  8.605E+009  6.329E-011
  3.110E-001  7.885E-001  9.193E+003  1.129E+010  5.921E-011
  4.110E-001  9.192E-001  9.441E+003  1.381E+010  5.544E-011
  5.110E-001  1.038E+000  9.665E+003  1.620E+010  5.189E-011
  6.110E-001  1.150E+000  9.872E+003  1.849E+010  4.852E-011
  7.110E-001  1.256E+000  1.006E+004  2.070E+010  4.533E-011
  8.110E-001  1.360E+000  1.025E+004  2.284E+010  4.230E-011
  9.110E-001  1.461E+000  1.042E+004  2.491E+010  3.944E-011
  1.011E+000  1.563E+000  1.058E+004  2.692E+010  3.673E-011
  1.111E+000  1.664E+000  1.073E+004  2.887E+010  3.418E-011
  2.111E+000  2.966E+000  1.199E+004  4.585E+010  1.675E-011
  3.111E+000  4.729E+000  1.293E+004  5.970E+010  9.505E-012
  4.111E+000  6.842E+000  1.371E+004  7.194E+010  6.575E-012
  5.111E+000  9.145E+000  1.437E+004  8.330E+010  5.215E-012
  6.111E+000  1.154E+001  1.495E+004  9.409E+010  4.441E-012
  7.111E+000  1.400E+001  1.547E+004  1.044E+011  3.894E-012
  8.111E+000  1.654E+001  1.594E+004  1.145E+011  3.428E-012
  9.111E+000  1.924E+001  1.638E+004  1.242E+011  2.991E-012
  1.011E+001  2.215E+001  1.678E+004  1.337E+011  2.569E-012
  1.111E+001  2.537E+001  1.715E+004  1.430E+011  2.170E-012
  2.111E+001  1.663E+002  1.999E+004  2.270E+011  3.125E-013
  3.111E+001  6.388E+002  2.197E+004  3.014E+011  7.023E-014
  4.111E+001  1.847E+003  2.352E+004  3.700E+011  2.237E-014
  5.111E+001  4.816E+003  2.482E+004  4.346E+011  7.750E-015
